d = 0.06125
aVx = 1.0
aVa = 3.0
c_const = 0.1
x_shift = 0.1
theta_min = 0
theta_max = 6.283185307179586
omega = 0.1
num_points = 50000
R_0 = (0, 0, 0)
